0.496
0.701
1.392
1.553
3.54
4.233
5.849
6.849
8.393
8.911
9.273
9.42
10.056
10.312
10.316
10.33
10.427
10.566
10.674
10.76
10.765
10.895
10.948
10.98
11.019
11.036
11.115
11.161
11.209
11.321
11.322
11.452
11.625
11.724
11.736
11.794
11.905
11.907
12.161
12.197
12.283
12.367
12.394
12.398
12.431
12.54
12.626
12.664
12.807
12.86
12.903
12.963
12.979
13.19
13.215
13.242
13.274
13.307
13.427
13.457
13.573
13.643
13.647
13.663
13.669
13.679
13.755
13.821
13.835
13.88
13.909
13.942
14.01
14.068
14.137
14.143
14.241
14.27
14.374
14.473
14.539
14.727
14.736
14.914
14.939
14.974
14.996
15.008
15.035
15.054
15.075
15.095
15.122
15.158
15.261
15.27
15.279
15.286
15.301
15.32
15.382
15.407
15.44
15.463
15.553
15.587
15.67
15.769
15.791
15.805
15.821
15.907
15.916
15.923
15.978
16.019
16.022
16.127
16.129
16.254
16.349
16.375
16.421
16.479
16.505
16.569
16.591
16.594
16.695
16.829
16.854
16.908
17.033
17.067
17.081
17.099
17.104
17.113
17.166
17.275
17.291
17.32
17.329
17.463
17.502
17.517
17.524
17.565
17.629
17.647
17.691
17.73
17.739
17.833
17.834
17.869
17.889
17.897
17.991
18.041
18.106
18.166
18.173
18.23
18.245
18.273
18.276
18.324
18.332
18.356
18.431
18.455
18.481
18.512
18.535
18.579
18.622
18.639
18.693
18.726
18.731
18.744
18.751
18.815
18.848
18.989
19.026
19.029
19.055
19.076
19.123
19.152
19.157
19.177
19.287
19.307
19.344
19.365
19.394
19.406
19.415
19.513
19.514
19.556
19.563
19.586
19.647
19.689
19.744
19.787
19.806
19.878
19.888
19.961
20.063
20.091
20.093
20.113
20.175
20.232
20.29
20.357
20.362
20.512
20.579
20.601
20.761
20.774
20.786
20.792
20.804
20.871
20.872
20.903
21.038
21.052
21.162
21.172
21.199
21.279
21.345
21.357
21.406
21.419
21.513
21.537
21.571
21.599
21.608
21.825
21.83
21.835
21.836
21.9
21.901
21.932
21.988
22.034
22.164
22.263
22.268
22.315
22.317
22.36
22.377
22.483
22.501
22.557
22.707
22.756
22.795
22.814
22.881
22.892
22.921
22.971
22.995
23.015
23.055
23.178
23.183
23.196
23.235
23.252
23.293
23.406
23.42
23.43
23.509
23.516
23.517
23.535
23.544
23.545
23.579
23.614
23.692
23.723
23.763
23.799
23.837
23.843
23.861
23.936
23.938
23.994
24.025
24.057
24.088
24.134
24.135
24.174
24.245
24.294
24.338
24.383
24.425
24.439
24.449
24.484
24.536
24.565
24.632
24.643
24.724
24.808
24.855
24.879
24.935
24.94
25.002
25.119
25.168
25.26
25.297
25.31
25.319
25.362
25.363
25.393
25.413
25.42
25.443
25.506
25.507
25.529
25.535
25.611
25.668
25.69
25.713
25.742
25.746
25.775
25.782
25.893
25.939
25.97
26.037
26.042
26.073
26.118
26.296
26.325
26.412
26.438
26.465
26.666
26.692
26.704
26.743
26.943
26.945
26.954
26.964
27.044
27.118
27.119
27.12
27.13
27.155
27.173
27.2
27.295
27.328
27.37
27.421
27.423
27.434
27.437
27.438
27.445
27.459
27.477
27.491
27.492
27.538
27.578
27.589
27.612
27.714
27.74
27.829
27.85
27.911
27.919
28.083
28.202
28.222
28.296
28.33
28.39
28.39
28.473
28.49
28.577
28.664
28.685
28.723
28.73
28.804
28.865
28.869
28.883
28.929
28.937
28.966
29.011
29.022
29.043
29.112
29.163
29.233
29.263
29.291
29.299
29.331
29.439
29.46
29.468
29.517
29.586
29.601
29.72
29.781
29.842
29.876
29.887
29.89
30
30.014
30.155
30.214
30.226
30.286
30.334
30.401
30.419
30.436
30.558
30.578
30.59
30.624
30.643
30.743
30.767
30.865
30.927
31.143
31.174
31.358
31.503
31.594
31.636
31.638
31.643
31.728
31.746
32.222
32.504
32.605
32.758
32.804
32.925
33.039
33.447
34.26
35.095
35.159
36.352
37.056
37.508
38.942
40.197
40.313
40.444
42.534
44.872
45.547
52.398
