0.0377887
0.0806505
0.0916293
0.110438
0.141149
0.156226
0.162568
0.239923
0.254863
0.25727
0.304441
0.324625
0.371911
0.45062
0.459382
0.501419
0.503221
0.519203
0.581872
0.648411
0.710504
0.710507
0.76646
0.828356
0.83154
0.877908
0.882094
0.907913
0.912983
0.934866
0.942504
0.979143
0.993666
1.02104
1.06794
1.08338
1.08805
1.11326
1.1273
1.17117
1.18579
1.23442
1.26215
1.28701
1.30289
1.40241
1.42591
1.42886
1.44985
1.49953
1.60087
1.65832
1.66246
1.66443
1.6939
1.72553
1.88245
1.94006
2.05072
2.05938
2.16055
2.30062
2.33149
2.33606
2.33751
2.3538
2.35401
2.36681
2.42117
2.43481
2.48276
2.48843
2.53477
2.56407
2.56829
2.57813
2.58587
2.59492
2.63533
2.71952
2.73249
2.74548
2.76822
2.77801
2.77859
2.78044
2.79102
2.79528
2.80633
2.88386
2.89771
2.92299
2.9329
2.98124
3.01647
3.08802
3.12844
3.14529
3.19577
3.21549
3.22204
3.24049
3.28549
3.32762
3.35057
3.37138
3.39375
3.40472
3.49197
3.49614
3.5008
3.50384
3.59273
3.61607
3.63509
3.67111
3.68691
3.70477
3.7049
3.72699
3.76123
3.76948
3.78358
3.8057
3.90119
3.94665
3.95272
4.13879
4.14557
4.15007
4.15642
4.16775
4.23804
4.24492
4.25967
4.29292
4.36491
4.38794
4.44863
4.47857
4.49149
4.50065
4.50488
4.57446
4.58871
4.67197
4.69184
4.6985
4.71704
4.78753
4.82965
4.83523
4.84731
4.88282
4.91124
4.97705
5.01184
5.02895
5.03599
5.12961
5.16925
5.18404
5.19133
5.22656
5.24373
5.26606
5.31186
5.33047
5.33316
5.34549
5.3709
5.37515
5.40288
5.40981
5.42782
5.49735
5.55342
5.57994
5.5956
5.62371
5.66759
5.70498
5.774
5.78728
5.83436
5.86017
5.89289
5.9538
5.98866
6.0196
6.04193
6.07762
6.0814
6.0976
6.09979
6.10206
6.12359
6.15213
6.24372
6.41884
6.42667
6.43612
6.43808
6.49626
6.50981
6.5173
6.52478
6.54283
6.54434
6.58005
6.60466
6.60711
6.6526
6.75107
6.7618
6.76988
6.78627
6.8898
6.89314
6.9141
6.91791
6.93908
7.00876
7.04747
7.10273
7.21848
7.27487
7.27934
7.30439
7.31977
7.33217
7.34035
7.47931
7.5273
7.61859
7.61859
7.67388
7.85696
7.95043
7.95724
8.01138
8.0115
8.0478
8.08898
8.10912
8.24053
8.27496
8.27708
8.29471
8.30487
8.31399
8.317
8.41568
8.43718
8.50672
8.50882
8.51193
8.52599
8.56792
8.69519
8.74448
8.75354
8.78811
8.82497
8.98165
9.00412
9.04715
9.06862
9.08359
9.09984
9.19225
9.34828
9.34983
9.3534
9.36072
9.36326
9.40374
9.4958
9.51638
9.58958
9.59704
9.65648
9.66839
9.69196
9.80655
9.88326
9.92756
9.98334
9.99586
10.0959
10.1232
10.1989
10.2427
10.3212
10.4164
10.4195
10.4209
10.4422
10.4913
10.4973
10.6253
10.6562
10.7415
10.8574
10.8616
10.8982
11.0006
11.0606
11.2522
11.2943
11.4385
11.4478
11.4578
11.5274
11.5432
11.5965
11.634
11.6412
11.8912
12.0935
12.1352
12.1814
12.2069
12.2167
12.2286
12.285
12.2867
12.3348
12.4256
12.4262
12.5461
12.5471
12.6904
12.7057
12.7583
12.8567
12.8874
12.9024
13.198
13.2539
13.2618
13.2941
13.4525
14.0255
14.04
14.0601
14.2
14.2114
14.2171
14.2287
14.301
14.3285
14.5229
14.5426
14.6288
14.7084
14.7315
14.7914
14.8204
14.8381
14.8394
14.9399
14.9399
14.976
14.9914
15.2768
15.3838
15.4716
15.4731
15.4799
15.486
15.6001
15.6228
15.6322
15.7361
15.7672
15.9985
16.0234
16.084
16.2284
16.2454
16.3558
16.3738
16.3873
16.5001
16.5034
16.5734
16.6194
16.917
17.1793
17.2705
17.3337
17.4551
17.5184
17.6125
17.7632
18.1128
18.2117
18.2718
18.4949
19.3027
19.3762
19.5907
19.9339
20.1047
20.3733
20.6265
20.6554
21.0494
21.2865
21.3514
21.7714
22.0288
22.1055
22.2154
22.2837
22.5884
22.7073
23.6049
24.0226
24.1141
24.3016
24.4234
24.6913
24.8459
25.6031
25.9004
26.1424
26.2253
26.2864
26.4448
26.6906
27.3033
27.461
27.6941
28.3059
28.331
29.4907
29.9935
31.2963
31.5801
31.8975
32.1309
33.0355
33.0572
33.3884
33.9703
34.1113
34.617
34.9958
35.1347
35.8312
35.8925
36.2966
36.594
37.7842
38.5828
40.3611
40.3877
43.5198
46.2524
47.5812
49.1156
49.282
49.4804
49.9122
51.8387
52.0546
54.5922
57.9003
58.6101
60.1237
60.5839
60.7435
61.9912
62.9772
66.9049
68.3926
71.4106
72.1805
73.9484
78.532
80.1567
80.4888
81.8478
82.7329
83.217
87.0283
93.7032
105.675
116.92
119.749
122.171
124.177
124.626
125.371
145.908
171.079
186.418
214.044
