0.00597467
0.00618185
0.0103104
0.0139177
0.0182224
0.0187019
0.0229031
0.0329963
0.0343674
0.0369748
0.0456685
0.0496051
0.0887712
0.106997
0.107843
0.142233
0.151605
0.159674
0.162517
0.191234
0.219246
0.245243
0.251316
0.255045
0.264646
0.280601
0.305876
0.309586
0.315185
0.352793
0.376919
0.382391
0.393041
0.407223
0.408688
0.480195
0.48689
0.50395
0.55029
0.60119
0.601664
0.639616
0.644685
0.6843
0.720397
0.738724
0.762621
0.769814
0.787914
0.870091
0.91597
0.962443
1.01314
1.08075
1.11898
1.13356
1.32388
1.3352
1.36565
1.37436
1.41568
1.44198
1.45616
1.66971
1.67602
1.70651
1.74641
1.75055
1.76704
1.79166
1.86648
1.89018
1.93375
1.9347
1.94828
1.95129
1.95752
2.01429
2.03764
2.04748
2.10972
2.15602
2.26685
2.27573
2.32666
2.32979
2.33302
2.44743
2.46524
2.48054
2.55425
2.55791
2.60899
2.68239
2.70592
2.72077
2.73704
2.75019
2.77433
2.85319
2.8608
2.89239
2.91253
2.96963
2.97634
2.98555
3.09307
3.1071
3.11469
3.12051
3.23189
3.28619
3.34201
3.37379
3.40836
3.49347
3.50801
3.58161
3.67808
3.74848
3.8552
3.86439
3.89448
3.91974
3.92407
3.97461
4.04473
4.04838
4.15376
4.22486
4.29939
4.30071
4.35972
4.40653
4.42092
4.42693
4.48206
4.52779
4.53486
4.59386
4.63677
4.69131
4.76351
4.83207
4.89806
4.90822
4.91869
5.19626
5.24072
5.41111
5.61837
5.62497
5.73485
5.76654
5.85163
5.87247
5.89556
5.93853
5.95793
5.98098
5.98563
5.98772
6.04589
6.15408
6.23005
6.23907
6.36181
6.38205
6.41215
6.41435
6.46979
6.48793
6.58256
6.62927
6.63111
6.9225
7.04704
7.14036
7.19529
7.22162
7.26527
7.38394
7.41931
7.43307
7.45572
7.5407
7.62046
7.78317
7.82727
7.8301
7.83934
7.87277
7.87397
7.89287
8.22865
8.35721
8.42074
8.44238
8.49948
8.61263
8.78217
8.80299
8.86624
8.87541
9.06687
9.07553
9.14501
9.15272
9.31558
9.36043
9.42638
9.87837
9.93183
9.98175
9.99351
10.0486
10.3759
10.3839
10.4419
10.4773
10.667
10.6711
10.8501
10.89
10.8935
11.1233
11.1945
11.2275
11.4857
11.4897
11.5343
11.7259
11.7516
11.846
11.8891
11.9135
12.2034
12.386
12.5042
12.8064
12.8578
12.971
13.0109
13.0152
13.224
13.2802
13.3406
13.3739
13.3944
13.6894
14.1322
14.1414
14.3057
14.5142
14.521
14.5739
14.5945
14.6832
14.778
14.7925
14.8154
14.9819
15.4628
15.7075
16.02
16.3376
16.4262
16.5127
16.7877
16.8168
16.9042
16.945
17.0168
17.0179
17.0328
17.391
17.4413
17.5775
17.636
17.8454
18.2681
18.4387
18.7272
18.7834
19.3223
19.9884
20.4477
20.5519
20.6243
20.7022
20.8992
21.2918
21.3694
21.4233
21.4758
21.6688
21.7205
21.8734
22.1419
22.2789
22.3909
22.6066
23.1054
23.1215
23.1799
23.8307
23.9939
24.4016
24.8488
24.8839
24.8955
24.9898
25.2866
25.3872
25.5773
25.8957
25.9237
26.505
27.1935
27.1994
27.2183
27.4485
27.5179
27.6552
28.34
28.4323
28.6323
28.7125
28.9111
29.3096
30.6174
30.888
31.0182
31.5113
31.596
32.3566
32.8491
32.94
33.2327
33.7535
34.7581
34.88
34.8899
35.3829
35.5847
36.5362
36.6373
37.0364
37.3145
37.7781
38.3574
39.0086
40.2882
40.3538
40.47
41.331
41.454
41.5036
41.6219
41.7547
42.0214
42.5095
42.5932
42.5974
43.385
43.6952
43.7139
43.9696
44.7496
44.8515
45.2395
45.3903
45.5563
46.2194
46.8415
47.8756
48.4937
48.6154
49.1806
49.8368
49.8431
51.0437
51.1071
53.1671
53.551
53.5707
54.0255
54.1074
55.9187
57.1175
57.281
57.9647
59.0227
59.173
60.6524
60.8411
61.3418
62.1106
62.352
70.5437
72.2965
73.6115
74.3344
75.5489
75.984
81.4256
81.7733
82.0792
82.9112
82.977
83.6155
83.8541
84.1756
84.3165
87.8978
91.63
94.3687
96.5672
97.3499
100.456
102.278
102.654
109.903
110.624
115.927
116.547
117.858
118.248
122.34
123.31
128.246
135.25
138.285
138.457
141.111
143.424
162.32
169.88
182.444
185.165
185.624
197.423
199.252
201.458
202.059
211.355
215.982
216.242
216.939
220.01
221.391
232.872
233.592
240.339
265.453
280.213
310.672
349.004
360.288
375.83
400.533
425.503
438.85
442.435
448.651
471.118
486.06
495.058
543.419
576.719
642.708
656.487
670.643
685.382
721.87
770.267
833.212
942.475
1015.07
1036.33
1090.5
1297.73
1348.08
1409.17
1518.84
1623.42
1753.22
1803.93
1908.62
2700.79
2958.95
3912.55
4118.17
4459.47
4915.3
5492.55
6677.11
13854.7
18093.5
20655.6
